,x,n,u,T,q
0,-0.9865771812080537,0.9999999999286867,2.4683977409173524e-10,0.9999999994212777,1.5219377186899362e-09
1,-0.9597315436241611,0.9999999998631798,4.6387439637242587e-10,0.9999999989267444,2.7673820960933482e-09
2,-0.9328859060402684,0.9999999997403669,8.639709724694792e-10,0.9999999980327687,4.980678781208187e-09
3,-0.9060402684563759,0.9999999995123688,1.5934072120263933e-09,0.9999999964325746,8.869548577639977e-09
4,-0.8791946308724833,0.9999999990930623,2.9097628735699753e-09,0.9999999935970042,1.562950714215618e-08
5,-0.8523489932885906,0.9999999983290789,5.262120026114705e-09,0.9999999886224689,2.725803102265167e-08
6,-0.825503355704698,0.999999996949708,9.426056147806855e-09,0.99999997998094,4.70577520713016e-08
7,-0.7986577181208054,0.9999999944811621,1.6728976867984366e-08,0.9999999651127541,8.04345041028729e-08
8,-0.7718120805369127,0.99999999010105,2.9423111317456875e-08,0.999999939769082,1.3615137443904112e-07
9,-0.7449664429530202,0.999999982393337,5.129777322079029e-08,0.999999896959237,2.282817128674267e-07
10,-0.7181208053691275,0.999999968939105,8.86757956632517e-08,0.9999998252801092,3.792230878928905e-07
11,-0.6912751677852349,0.9999999456385856,1.5202125205495023e-07,0.9999997062889735,6.243046362272411e-07
12,-0.6644295302013423,0.9999999055966737,2.5851161064355003e-07,0.9999995104094298,1.018761499854452e-06
13,-0.6375838926174497,0.9999998373040563,4.361201666133523e-07,0.999999190607721,1.648189792764027e-06
14,-0.610738255033557,0.9999997216887517,7.300480319098012e-07,0.9999986727053998,2.6440746940517776e-06
15,-0.5838926174496645,0.9999995273679421,1.2127880600776076e-06,0.9999978406510556,4.20666067865907e-06
16,-0.5570469798657718,0.9999992030547851,1.9997614640111837e-06,0.9999965142894263,6.6383794486308894e-06
17,-0.5302013422818792,0.9999986655111144,3.2734235645263672e-06,0.9999944160616293,1.0392341040723985e-05
18,-0.5033557046979866,0.9999977806064769,5.320085085518144e-06,0.9999911215683303,1.61420717530481e-05
19,-0.47651006711409394,0.9999963338397132,8.585555512900608e-06,0.999985986964315,2.4880733450209305e-05
20,-0.44966442953020136,0.9999939849482599,1.3758237502749663e-05,0.9999780436732075,3.806039851389804e-05
21,-0.4228187919463088,0.9999901987506258,2.1891707176248527e-05,0.9999658478387851,5.778447571740443e-05
22,-0.3959731543624161,0.9999841408357433,3.458341597767166e-05,0.9999472681280676,8.70690432113706e-05
23,-0.3691275167785235,0.9999745217795676,5.4232290838815506e-05,0.9999191907980651,0.00013019171052640495
24,-0.34228187919463093,0.9999593669689666,8.440583860016614e-05,0.9998771153336032,0.0001931496770435278
25,-0.31543624161073824,0.9999356809027637,0.00013035637996900332,0.9998146081269247,0.0002842511587405472
26,-0.28859060402684567,0.9998989656530743,0.0001997345864677512,0.9997225776169849,0.00041486397005147915
27,-0.2617449664429531,0.9998425442381635,0.0003035536105875781,0.9995883358063657,0.0006003371497013201
28,-0.2348993288590604,0.9997566322936776,0.0004574554003508707,0.9993944230045224,0.0008610899486998007
29,-0.20805369127516782,0.9996270959468962,0.000683320604194903,0.9991171987136421,0.0012238226264199316
30,-0.18120805369127524,0.999433828657804,0.0010112472243578373,0.9987252409291264,0.0017227471015210198
31,-0.15436241610738255,0.9991486728121114,0.0014819071855474257,0.9981776412924133,0.0024006743505051247
32,-0.12751677852348997,0.9987328055640906,0.00214927821326006,0.9974223232653735,0.003309748672950467
33,-0.10067114093959739,0.9981335191259005,0.0030837298536429774,0.9963945394290402,0.00451160115278591
34,-0.0738255033557047,0.9972803895948026,0.004375380214963056,0.9950157347230812,0.006076699370470334
35,-0.046979865771812124,0.996080990859504,0.006137480008014997,0.9931930275589732,0.008082663861169405
36,-0.020134228187919545,0.9944165838232628,0.008509298041690051,0.9908196909385056,0.010611264900479964
37,0.006711409395973145,0.9921385084345691,0.011657661354349152,0.9877771930685039,0.013743714337777557
38,0.033557046979865834,0.9890660938400584,0.015776193610058557,0.9839394709494818,0.017553833493419383
39,0.06040268456375841,0.9849864757111765,0.021081749670536956,0.9791799659740881,0.022098903186317347
40,0.08724832214765099,0.9796556732764636,0.027808750224825127,0.9733813643538901,0.027408644025989613
41,0.11409395973154357,0.9727991803291255,0.03620368341701281,0.9664469502005872,0.033473761930275
42,0.14093959731543615,0.964110611468347,0.04652269980680572,0.9583113179995026,0.04023639861665698
43,0.16778523489932873,0.9532504140968081,0.0590331852122809,0.9489475993498704,0.04758499503883007
44,0.19463087248322153,0.939853602509843,0.07401444818419833,0.9383692473168441,0.05535506015668985
45,0.2214765100671141,0.9235619754385661,0.09174508977132513,0.9266274879210542,0.063335429975927
46,0.24832214765100669,0.9040927685804311,0.11246160775234654,0.9138105930878213,0.07127796626380989
47,0.27516778523489926,0.881330096639533,0.13628444841021353,0.9000562724041716,0.07890851066684088
48,0.30201342281879184,0.8553737730739793,0.1631434291831094,0.8855892480628991,0.08593788890631
49,0.3288590604026844,0.8264249149432162,0.19279196146891966,0.8707844243637732,0.09207090950288312
50,0.3557046979865772,0.7944046930401606,0.2250395562164789,0.8562229983345471,0.09700650142221001
51,0.3825503355704698,0.7584311643267924,0.2602409251361167,0.8426610810264409,0.10042172762967733
52,0.4093959731543624,0.7168116879901654,0.29969496440280646,0.830821807777564,0.10196112352308798
53,0.43624161073825496,0.6686527601390916,0.3449506874853325,0.8210718583886157,0.10132935161487347
54,0.46308724832214754,0.6171122391968673,0.3948314753674104,0.8134872181561247,0.09864564404636729
55,0.4899328859060401,0.5705442565755338,0.44177077081469773,0.8089682476191993,0.09493902321632604
56,0.5167785234899329,0.5301542196266958,0.47796786359758775,0.8120369175833746,0.09139624321867357
57,0.5436241610738255,0.4883086026782701,0.5066298311756351,0.8249383632017206,0.08806838638344112
58,0.5704697986577181,0.44045183939322474,0.5367716700310273,0.8452552337378443,0.08416532499792587
59,0.5973154362416107,0.3946524423114684,0.5642623412132824,0.8703893439263628,0.08031016709438873
60,0.6241610738255032,0.3561947858123667,0.5838083148788841,0.8973572925825982,0.07715319775650636
61,0.6510067114093958,0.32488696538158984,0.5924332963054488,0.9246672721961415,0.07492449456346459
62,0.6778523489932886,0.2979072601911635,0.5902464178945297,0.952259930933701,0.07339545976785446
63,0.7046979865771812,0.27303241713718085,0.5786060088160038,0.9802186846794411,0.07216517486201021
64,0.7315436241610738,0.2496550102802309,0.5586547746508352,1.0077222514296116,0.07087436377035257
65,0.7583892617449663,0.22820647746460027,0.5311596475126275,1.0328212511252801,0.06924499198467586
66,0.7852348993288589,0.20928218830214598,0.4968745055613528,1.0529362446379327,0.06706175423292775
67,0.8120805369127517,0.1931460534959894,0.4568041404206752,1.0657094082802174,0.06417271167342413
68,0.8389261744966443,0.17967488537921297,0.4122635737015795,1.069722359109619,0.06050972462605985
69,0.8657718120805369,0.16852999218391115,0.3648403275453392,1.0647545642228233,0.05610419185622713
70,0.8926174496644295,0.15934072983874076,0.31632892860004186,1.0516329608726103,0.051082774745907805
71,0.919463087248322,0.15179860254662725,0.26861202959226416,1.0319227181533233,0.04564309816733294
72,0.9463087248322146,0.145666085017612,0.2234587720471702,1.0076148411897563,0.040017956145062455
73,0.9731543624161074,0.14074802786199003,0.18228961992038267,0.9808276322692967,0.03443855388585758
74,1.0,0.136865564748079,0.14601031064310604,0.9535259443093366,0.029105648412470805
75,1.0268456375838924,0.13384691015980968,0.11498351214943023,0.9273067879226222,0.024173115900551913
76,1.0536912751677854,0.13153094112388455,0.08912406637699749,0.9032967052069864,0.01974322899349659
77,1.080536912751678,0.12977425301295176,0.0680487231166632,0.8821570905094984,0.01586973027743543
78,1.1073825503355705,0.12845550916452061,0.05121489242697159,0.8641562764314961,0.012564810009629059
79,1.1342281879194631,0.12747567322486905,0.03801925794917484,0.8492660248968315,0.009807765548654592
80,1.1610738255033557,0.12675551380924563,0.027858452891793478,0.8372573738853909,0.007554370598760094
81,1.1879194630872483,0.1262322466971746,0.020165206108680604,0.827785148072345,0.005746200039457909
82,1.2147651006711409,0.12585646043779508,0.014430433160879384,0.820456468407952,0.004318964261616082
83,1.2416107382550334,0.1255896503143012,0.010215733260069592,0.8148807900216691,0.0032089910537244845
84,1.268456375838926,0.12540224489865634,0.007157588837408229,0.8107013158278145,0.0023574688663855056
85,1.2953020134228186,0.12527193228387945,0.004964465626680323,0.8076103789944249,0.0017126341489991617
86,1.3221476510067112,0.12518218067170506,0.003408945636017766,0.8053532461707675,0.001230444588686177
87,1.3489932885906037,0.1251209395049156,0.0023174521816013587,0.8037250478988176,0.0008743429292201104
88,1.3758389261744968,0.1250795430048688,0.0015597183744625626,0.8025645562300132,0.0006145798104816
89,1.4026845637583893,0.12505182809526869,0.00103930871192225,0.8017471288110141,0.0004273748454261432
90,1.429530201342282,0.12503345396987417,0.0006857083334561616,0.8011779648256456,0.00029404937558363256
91,1.4563758389261745,0.1250213924117758,0.0004479874265305873,0.8007861021263414,0.00020018711670988937
92,1.483221476510067,0.1250135523694352,0.0002898304781776692,0.8005192565427804,0.00013485104516338742
93,1.5100671140939597,0.12500850576490838,0.0001856817739914368,0.8003394924894325,8.987765599983938e-05
94,1.5369127516778522,0.1250052884616871,0.00011779076616938253,0.800219680724073,5.926460228600944e-05
95,1.5637583892617448,0.12500325698389436,7.398146107766035e-05,0.8001406784919914,3.8659276572944624e-05
96,1.5906040268456374,0.1250019866051884,4.599947867413745e-05,0.8000891458722259,2.4946178956566533e-05
97,1.61744966442953,0.125001199930916,2.8311069076838583e-05,0.8000558966716926,1.5923304837325345e-05
98,1.6442953020134226,0.12500071762517923,1.7246422623474567e-05,0.8000346788160844,1.0053867105509904e-05
99,1.6711409395973156,0.12500042490882035,1.0398152240038578e-05,0.8000212873653321,6.279042262800724e-06
100,1.6979865771812082,0.12500024906835255,6.204473786018237e-06,0.8000129282709204,3.878777647866802e-06
101,1.7248322147651007,0.12500014452227237,3.6636773125540007e-06,0.8000077676826556,2.369773558814097e-06
102,1.7516778523489933,0.12500008300539983,2.1406924474963744e-06,0.8000046167350209,1.4318195372289164e-06
103,1.778523489932886,0.12500004718284913,1.2375596331553512e-06,0.8000027140730794,8.554452654777234e-07
104,1.8053691275167785,0.1250000265404646,7.077740446410636e-07,0.8000015779657234,5.053251092580268e-07
105,1.832214765100671,0.1250000147711068,4.0038574739125016e-07,0.8000009072146237,2.9510677529663946e-07
106,1.8590604026845636,0.12500000813260928,2.2400540375964475e-07,0.8000005157149249,1.7036310335381551e-07
107,1.8859060402684562,0.12500000442887998,1.2393055802791861e-07,0.8000002898352236,9.721197268632588e-08
108,1.9127516778523488,0.12500000238530332,6.779304890326591e-08,0.8000001610240896,5.482382045787248e-08
109,1.9395973154362414,0.12500000127033875,3.666275151049804e-08,0.8000000884268963,3.055453833428699e-08
110,1.966442953020134,0.12500000066889896,1.9599270795450334e-08,0.8000000479938743,1.6826067928674505e-08
111,1.993288590604027,0.12500000034817693,1.0355338582508657e-08,0.8000000257425293,9.154312683549954e-09
112,2.0201342281879198,0.12500000017912805,5.406605885200384e-09,0.8000000136442422,4.919655715379655e-09
113,2.046979865771812,0.1250000000910687,2.788950441128374e-09,0.8000000071463536,2.6111732622278458e-09
114,2.073825503355705,0.1250000000457434,1.4211100317389264e-09,0.8000000036994728,1.3685265636894642e-09
115,2.100671140939597,0.125000000022696,7.151518509889235e-10,0.8000000018939369,7.081264273263276e-10
116,2.12751677852349,0.12500000001112085,3.5535646358631635e-10,0.8000000009601869,3.616843214919285e-10
117,2.154362416107382,0.12500000000538017,1.7431508803240933e-10,0.8000000004835155,1.8231688279811857e-10
118,2.1812080536912752,0.12500000000256936,8.439495489681738e-11,0.800000000243362,9.068027800684305e-11
119,2.2080536912751674,0.1250000000012109,4.03188829524363e-11,0.8000000001239755,4.449282351062902e-11
120,2.2348993288590604,0.12500000000056305,1.9002217700857288e-11,0.8000000000654257,2.1530398011938658e-11
121,2.2617449664429525,0.12500000000025818,8.83253116660099e-12,0.8000000000371057,1.0272729075422046e-11
122,2.2885906040268456,0.1250000000001167,4.047782797911476e-12,0.8000000000235984,4.831383154414195e-12
123,2.3154362416107386,0.12500000000005196,1.828471524422363e-12,0.8000000000172484,2.2391328179683105e-12
124,2.3422818791946307,0.12500000000002276,8.138230078700975e-13,0.8000000000143062,1.022305542767958e-12
125,2.3691275167785237,0.1250000000000098,3.568439652226667e-13,0.8000000000129632,4.596569024369942e-13
126,2.395973154362416,0.12500000000000405,1.5403473556480004e-13,0.8000000000123599,2.0347371948825884e-13
127,2.422818791946309,0.1250000000000016,6.544450432265824e-14,0.8000000000120926,8.864180022545216e-14
128,2.449664429530201,0.12500000000000058,2.7350500060561852e-14,0.8000000000119761,3.7986157056969826e-14
129,2.476510067114094,0.12500000000000014,1.1230783096793693e-14,0.8000000000119265,1.600416120728191e-14
130,2.503355704697986,0.12499999999999997,4.523761576252973e-15,0.8000000000119055,6.632839274350248e-15
131,2.530201342281879,0.1249999999999999,1.830054207406389e-15,0.8000000000118966,2.6984133920683876e-15
132,2.5570469798657713,0.12499999999999986,7.082417240820774e-16,0.8000000000118934,1.075785265476392e-15
133,2.5838926174496644,0.12499999999999985,2.4855936521007805e-16,0.8000000000118918,4.239969460215817e-16
134,2.6107382550335574,0.12499999999999983,8.119073878373827e-17,0.8000000000118912,1.6565174936021324e-16
135,2.6375838926174495,0.12499999999999983,1.7572785208333342e-17,0.800000000011891,6.32394569136414e-17
136,2.6644295302013425,0.12499999999999983,-6.1329640560475314e-18,0.800000000011891,2.2870541293133818e-17
137,2.6912751677852347,0.12499999999999983,-1.4786786249077555e-17,0.8000000000118909,7.793288552549108e-18
138,2.7181208053691277,0.12499999999999983,-1.7879357609393753e-17,0.8000000000118909,2.281043473779598e-18
139,2.74496644295302,0.12499999999999983,-1.8960450155849145e-17,0.8000000000118909,3.098815328559684e-19
140,2.771812080536913,0.12499999999999983,-1.9329976914932437e-17,0.8000000000118909,-3.7907806778405207e-19
141,2.798657718120805,0.12499999999999983,-1.945328252668204e-17,0.8000000000118909,-6.141161170179767e-19
142,2.825503355704698,0.12499999999999983,-1.9493225885728635e-17,0.8000000000118909,-6.923585352389468e-19
143,2.85234899328859,0.12499999999999983,-1.950614064226749e-17,0.8000000000118909,-7.177898439927268e-19
144,2.879194630872483,0.12499999999999983,-1.9509875575427786e-17,0.8000000000118909,-7.257188785464359e-19
145,2.9060402684563753,0.12499999999999983,-1.9511139500284895e-17,0.8000000000118909,-7.282381896812529e-19
146,2.9328859060402683,0.12499999999999983,-1.9511557355279007e-17,0.8000000000118909,-7.289322422480185e-19
147,2.9597315436241614,0.12499999999999983,-1.9511621764189383e-17,0.8000000000118909,-7.291901170519823e-19
148,2.9865771812080535,0.12499999999999983,-1.951164093926984e-17,0.8000000000118909,-7.292358062800673e-19
