,x,n,u,T,q
0,-0.9899497487437185,1.0000000000000004,5.771316975111922e-17,1.0000000000000075,4.720098273364874e-16
1,-0.9698492462311559,1.0000000000000004,1.132243209823776e-16,1.000000000000007,1.249179497101256e-15
2,-0.949748743718593,1.0000000000000002,2.797577746761513e-16,1.0000000000000067,3.1365586389640253e-15
3,-0.9296482412060301,1.0000000000000002,7.238503726580036e-16,1.0000000000000053,7.910504092325059e-15
4,-0.9095477386934674,1.0000000000000002,1.7785656341836935e-15,1.000000000000002,1.917925423974328e-14
5,-0.8894472361809045,0.9999999999999994,4.33208536708514e-15,0.9999999999999947,4.615766018560752e-14
6,-0.8693467336683418,0.9999999999999981,1.054936479817215e-14,0.9999999999999762,1.089407857806875e-13
7,-0.8492462311557789,0.9999999999999949,2.514886533462888e-14,0.9999999999999336,2.5321425427819996e-13
8,-0.829145728643216,0.9999999999999871,5.895531228852789e-14,0.9999999999998366,5.785096411509535e-13
9,-0.8090452261306533,0.9999999999999694,1.3606065710258646e-13,0.9999999999996173,1.301486942549494e-12
10,-0.7889447236180904,0.9999999999999286,3.094783067006836e-13,0.9999999999991319,2.883110812508297e-12
11,-0.7688442211055275,0.9999999999998375,6.935617611678279e-13,0.9999999999980714,6.290885254914758e-12
12,-0.7487437185929648,0.9999999999996357,1.531784085157539e-12,0.9999999999957901,1.3524377746425623e-11
13,-0.728643216080402,0.9999999999991956,3.33540541080152e-12,0.9999999999909527,2.865422169800793e-11
14,-0.7085427135678393,0.9999999999982484,7.161529598661457e-12,0.9999999999808407,5.984644193214995e-11
15,-0.6884422110552764,0.999999999996238,1.51667196154342e-11,0.999999999959998,1.2324390628016752e-10
16,-0.6683417085427135,0.9999999999920278,3.1688193352795e-11,0.9999999999176308,2.503015705695753e-10
17,-0.6482412060301508,0.9999999999833278,6.533071975735495e-11,0.999999999832677,5.014389495421896e-10
18,-0.6281407035175879,0.9999999999655804,1.329350743635786e-10,0.9999999996646142,9.910817577477295e-10
19,-0.6080402010050252,0.9999999999298401,2.6702472894923345e-10,0.9999999993365322,1.932921381603707e-09
20,-0.5879396984924623,0.9999999998587672,5.295876700836284e-10,0.999999998704425,3.7205417897898605e-09
21,-0.5678391959798994,0.9999999997191773,1.0372419983359209e-09,0.9999999975022404,7.068993978801505e-09
22,-0.5477386934673367,0.9999999994483589,2.006565547635311e-09,0.9999999952449312,1.3259822293078944e-08
23,-0.5276381909547738,0.9999999989292749,3.834651601755409e-09,0.9999999910597959,2.4559005560917076e-08
24,-0.5075376884422111,0.9999999979461932,7.240332085739429e-09,0.9999999833972153,4.4919431933953114e-08
25,-0.4874371859296483,0.9999999961063116,1.3508465015481865e-08,0.9999999695415256,8.114422216953024e-08
26,-0.4673366834170854,0.9999999927030344,2.4906954970541016e-08,0.9999999447955137,1.4478483521200464e-07
27,-0.4472361809045226,0.999999986480384,4.538946145117367e-08,0.9999999011395126,2.551926988179694e-07
28,-0.4271356783919598,0.9999999752320018,8.176437000018368e-08,0.9999998250567217,4.4435426628552675e-07
29,-0.407035175879397,0.9999999551270246,1.4561437957531663e-07,0.99999969405447,7.644411869568293e-07
30,-0.3869346733668341,0.9999999195911198,2.5640713691565023e-07,0.9999994711769828,1.2994278337232148e-06
31,-0.36683417085427134,0.9999998574731337,4.464672584521806e-07,0.9999990964753974,2.1826962318568935e-06
32,-0.34673366834170855,0.9999997500803378,7.688123400231858e-07,0.9999984739487715,3.6232870227465836e-06
33,-0.32663316582914576,0.9999995664452762,1.3093287995044654e-06,0.9999974518652974,5.944379572232899e-06
34,-0.30653266331658297,0.9999992558617075,2.20543095834685e-06,0.9999957935779444,9.638704210035566e-06
35,-0.28643216080402006,0.9999987362506687,3.67428028230824e-06,0.999993134913504,1.544691910420446e-05
36,-0.2663316582914573,0.9999978762334631,6.054926263273325e-06,0.9999889228815138,2.4466546121703577e-05
37,-0.24623115577889448,0.9999964678360115,9.870440562507722e-06,0.9999823287885554,3.8300846709145406e-05
38,-0.2261306532663317,0.9999941854783014,1.5918268371149636e-05,0.9999721269259322,5.925886847887898e-05
39,-0.2060301507537688,0.9999905252795208,2.5399525876232587e-05,0.9999565281059728,9.061928190007213e-05
40,-0.185929648241206,0.9999847166887511,4.0100649018603115e-05,0.9999329559922333,0.00013697050557357572
41,-0.1658291457286432,0.9999755958917588,6.264353303675112e-05,0.9998977540370354,0.00020463658092726821
42,-0.14572864321608042,0.9999614269988825,9.6823352700377e-05,0.9998458121683125,0.0003021913248961896
43,-0.12562814070351763,0.999939652144558,0.00014805745019319462,0.9997701044510776,0.00044105321531640984
44,-0.10552763819095473,0.999906544985337,0.00022397495499460832,0.9996611300803753,0.0006361435647279255
45,-0.08542713567839194,0.999856734488116,0.0003351844691938464,0.9995062490729294,0.0009065852317977327
46,-0.06532663316582915,0.999782560453597,0.0004962612186202994,0.9992889037539747,0.0012764188069506065
47,-0.04522613065326636,0.9996732241610472,0.0007269849434322201,0.998987727952089,0.001775307219575508
48,-0.02512562814070357,0.9995137106350901,0.0010538238322770305,0.998575584157934,0.002439164257053838
49,-0.00502512562814067,0.9992834777881052,0.0015115990590727464,0.9980186449779733,0.003310553702050775
50,0.01507537688442201,0.9989549095580545,0.0021452111215984893,0.997275730107176,0.004438571795063142
51,0.03517587939698491,0.9984914807638545,0.0030113301580509746,0.9962981573720309,0.0058778215629892465
52,0.05527638190954781,0.9978454681726497,0.004180109119372514,0.9950302690167567,0.007686152133073358
53,0.07537688442211049,0.9969549361463321,0.0057372303539003485,0.9934105023646143,0.009921187217952368
54,0.09547738693467339,0.9957398246484024,0.007786697858557895,0.9913725050410338,0.012636240700088373
55,0.11557788944723629,0.9940975240914186,0.010454320891497518,0.9888457004173588,0.01587664191908753
56,0.13567839195979897,0.9918993526056136,0.013890532790868788,0.9857553346790819,0.01967718950297224
57,0.15577889447236187,0.9889902058024485,0.018269538781788445,0.9820235010014878,0.024060087138741682
58,0.17587939698492455,0.9851928421758829,0.02378147977508454,0.9775741956058579,0.02903083730192265
59,0.19597989949748745,0.9803142993356406,0.030617687711810917,0.9723453553477355,0.03456886410217292
60,0.21608040201005035,0.9741455264772994,0.03895698562287351,0.966307089562843,0.0406121169650555
61,0.23618090452261303,0.9664420288522264,0.04896928932025832,0.9594777637607482,0.04704096254746552
62,0.25628140703517593,0.956883201193762,0.06085108910709206,0.9519222580313712,0.05367309839303482
63,0.2763819095477386,0.9450378841811147,0.07488402398397567,0.9437184271462372,0.06028148895855437
64,0.2964824120603015,0.9304017166528427,0.0914637293988762,0.934897257108868,0.06663608612165964
65,0.3165829145728644,0.9125756619582364,0.11101069821837745,0.9253976840897309,0.07255049586692007
66,0.3366834170854271,0.8915652113579694,0.13370480574597593,0.9151082665658389,0.07790111599093458
67,0.35678391959799,0.8679761458854977,0.15913689524991087,0.9040557115640638,0.08259441006151054
68,0.3768844221105527,0.842671358199955,0.1862401847602185,0.8926913615285621,0.08648856173262816
69,0.3969849246231156,0.815534549041535,0.21405202777128354,0.8820136298686132,0.08930931254205413
70,0.4170854271356785,0.7838042721627608,0.24344242395751747,0.8731576260641579,0.09061326511875925
71,0.43718592964824116,0.7421053643381722,0.27855435711382054,0.8664169490694682,0.08984949155447791
72,0.45728643216080406,0.6872237890389824,0.325116415259142,0.8602632643254574,0.08661681476080789
73,0.47738693467336674,0.626619141687884,0.38264076840862593,0.8518909159858065,0.08135038109775382
74,0.49748743718592964,0.5795623087087217,0.43414463359605115,0.8420215461753369,0.07621322848031198
75,0.5175879396984926,0.5430957349601593,0.4636585500851347,0.8411417211177574,0.07313935009503221
76,0.5376884422110553,0.4967042028006149,0.4836921634428549,0.8530400554207953,0.07095300224705534
77,0.5577889447236182,0.4364173456823953,0.5134711670713216,0.8715158400295828,0.0676340727598055
78,0.5778894472361811,0.3816145749463969,0.5439590694152682,0.8922288180628195,0.06407925109150639
79,0.5979899497487438,0.3401884550064533,0.5644184373442725,0.911870199023067,0.0613333637000449
80,0.6180904522613067,0.308991802246178,0.5700428499861894,0.9305817578359382,0.05975023191952071
81,0.6381909547738693,0.2824175765818811,0.5622610987583653,0.950090223357906,0.058965669854874295
82,0.6582914572864322,0.2575065628498025,0.5441012885411867,0.9711606498891636,0.058433327711805094
83,0.6783919597989951,0.23410775465176983,0.5176945828512965,0.9926863484920303,0.057723817965465836
84,0.6984924623115578,0.21315342285863267,0.4843527148133699,1.0120770560153638,0.0565426068368659
85,0.7185929648241207,0.19532848502792113,0.44520009241704417,1.0263308854121562,0.05469575209423102
86,0.7386934673366834,0.18067987198657787,0.4015166941029203,1.0331821329327648,0.05208568960343682
87,0.7587939698492463,0.1688144956652813,0.3548287898280376,1.0317239802083908,0.048719338147146615
88,0.7788944723618092,0.15922046756896174,0.30690615018541156,1.0223629757258479,0.04470248999508274
89,0.7989949748743719,0.1514625564685263,0.25967471937583114,1.0064317773964935,0.04021453443223931
90,0.8190954773869348,0.14522399874638287,0.21500164159152907,0.9857802747167086,0.03547170285372011
91,0.8391959798994975,0.1402685669842467,0.17440717910253972,0.9624278764593518,0.030690465666949728
92,0.8592964824120604,0.13639516228834436,0.13884566348380953,0.9382660209550375,0.026060233956362262
93,0.8793969849246233,0.13341598727748574,0.10866073457671495,0.914839493028961,0.02172905957289929
94,0.8994974874371859,0.13115610978067543,0.0837030718025398,0.8932457167928687,0.01780021923341381
95,0.9195979899497488,0.12946090601180613,0.06351658699471671,0.8741432873803456,0.014334824501281717
96,0.9396984924623115,0.12820134207404812,0.0475032172554982,0.8578225937155328,0.011356751072094474
97,0.9597989949748744,0.12727416851430431,0.03502952441920148,0.8442948286497525,0.008858694808381026
98,0.9798994974874373,0.1265985721482799,0.025483020775655712,0.8333780203449586,0.006809413303748384
99,1.0,0.1261117751826957,0.018300229721696305,0.8247736208800638,0.005161852943994146
100,1.0201005025125627,0.12576514343876147,0.012982123377023593,0.8181306534471393,0.0038611016384883616
101,1.0402010050251256,0.12552122566346832,0.009102624303483638,0.8130942789010036,0.0028509573420158097
102,1.0603015075376885,0.12535153053107395,0.00631076677081541,0.80933726060644,0.0020784335711104404
103,1.0804020100502514,0.12523474197707202,0.004326795341242927,0.8065759566665494,0.0014962399411774983
104,1.1005025125628143,0.12515519592877455,0.0029338061791848143,0.8045748933844941,0.001063736999606852
105,1.1206030150753767,0.12510156996830615,0.001967283262441867,0.8031445135732642,0.0007469591797339825
106,1.1407035175879396,0.12506579279453758,0.00130458437910056,0.8021357541093189,0.0005181613162231822
107,1.1608040201005025,0.12504217724660283,0.0008555988233552154,0.8014336939965148,0.00035515383878439457
108,1.1809045226130654,0.12502675824119416,0.0005550113865873348,0.8009513626370053,0.0002405554221247965
109,1.2010050251256283,0.12501680086952702,0.00035613083230958613,0.80062413259481,0.0001610272256710275
110,1.2211055276381912,0.12501044044709692,0.00022605783428607807,0.8004048336027464,0.000106532153170942
111,1.2412060301507537,0.12500642129811068,0.0001419492477695416,0.800259624283256,6.965493879520751e-05
112,1.2613065326633166,0.12500390861565333,8.817145388468085e-05,0.8001646134663964,4.500889073032131e-05
113,1.2814070351758795,0.12500235439492544,5.41712136538536e-05,0.8001031843297408,2.8741444199515825e-05
114,1.3015075376884424,0.12500140327260245,3.291680819233245e-05,0.8000639399673524,1.813760141307275e-05
115,1.3216080402010053,0.12500082749127064,1.9780890543138656e-05,0.800039168057709,1.1311396595824414e-05
116,1.3417085427135678,0.1250004827309744,1.1755282927158034e-05,0.8000237186213548,6.971446008187093e-06
117,1.3618090452261307,0.1250002785730649,6.908209697931815e-06,0.8000141984515673,4.246184569017587e-06
118,1.3819095477386936,0.1250001590164875,4.014467498837792e-06,0.8000084018647114,2.555832362750136e-06
119,1.4020100502512565,0.12500008978187535,2.3067330599146995e-06,0.8000049144075627,1.5201959733072322e-06
120,1.4221105527638194,0.12500005013539683,1.310507230609303e-06,0.8000028411473021,8.934444562864808e-07
121,1.4422110552763818,0.12500002768625856,7.360537283398669e-07,0.8000016233116375,5.187986830523317e-07
122,1.4623115577889447,0.12500001511797232,4.086546309810992e-07,0.8000009165394004,2.976156963948748e-07
123,1.4824120603015076,0.12500000816154994,2.2424723412921703e-07,0.8000005113261348,1.6865633945627998e-07
124,1.5025125628140705,0.12500000435553296,1.2161017200586526e-07,0.8000002818393642,9.440713508111616e-08
125,1.5226130653266334,0.12500000229742447,6.516813391320802e-08,0.800000153469911,5.2194680552051046e-08
126,1.5427135678391959,0.12500000119761176,3.450435084598457e-08,0.8000000825513036,2.849876965904413e-08
127,1.5628140703517588,0.12500000061689143,1.8048171324842143e-08,0.8000000438595408,1.5365840279372472e-08
128,1.5829145728643217,0.1250000003139485,9.325128817946825e-09,0.8000000230147318,8.18014023526865e-09
129,1.6030150753768846,0.12500000015783297,4.758528320218818e-09,0.800000011926778,4.299087884566527e-09
130,1.6231155778894475,0.12500000007837034,2.3978014202738467e-09,0.8000000061041119,2.2301545807881984e-09
131,1.64321608040201,0.12500000003842715,1.1928813627375174e-09,0.8000000030859469,1.1417356508987573e-09
132,1.6633165829145728,0.12500000001860243,5.857897468691995e-10,0.8000000015419653,5.767596831184175e-10
133,1.6834170854271358,0.12500000000888903,2.838974700766924e-10,0.8000000007625965,2.874400422372791e-10
134,1.7035175879396987,0.1250000000041918,1.3575896618443829e-10,0.8000000003744742,1.4130030474693832e-10
135,1.7236180904522616,0.12500000000195033,6.404302489078276e-11,0.8000000001838232,6.850101492795747e-11
136,1.743718592964824,0.1250000000008951,2.9797061822467596e-11,0.800000000091466,3.274285104089612e-11
137,1.763819095477387,0.1250000000004051,1.367013705250466e-11,0.8000000000473518,1.542768514334025e-11
138,1.7839195979899498,0.12500000000018074,6.1823466740218774e-12,0.8000000000265809,7.163783894978136e-12
139,1.8040201005025127,0.12500000000007944,2.7555344560436217e-12,0.8000000000169423,3.2773674778665108e-12
140,1.8241206030150756,0.12500000000003436,1.2100206857902376e-12,0.8000000000125354,1.4768213751177011e-12
141,1.844221105527638,0.1250000000000146,5.233677451704817e-13,0.8000000000105506,6.552757020738314e-13
142,1.864321608040201,0.12500000000000605,2.2289336282410816e-13,0.8000000000096709,2.86200155464563e-13
143,1.8844221105527639,0.12500000000000241,9.3367503437359e-14,0.8000000000092867,1.230175028052091e-13
144,1.9045226130653268,0.1250000000000009,3.848737062189002e-14,0.8000000000091219,5.201349310145896e-14
145,1.9246231155778897,0.12500000000000028,1.5603555055782218e-14,0.8000000000090518,2.1625861333317416e-14
146,1.9447236180904521,0.12500000000000003,6.214201370641543e-15,0.8000000000090229,8.84452705856834e-15
147,1.964824120603015,0.12499999999999993,2.426769078317597e-15,0.8000000000090111,3.5466210014845402e-15
148,1.984924623115578,0.12499999999999989,9.254565973728647e-16,0.8000000000090064,1.3997045060983486e-15
149,2.0050251256281406,0.12499999999999988,3.4091336482415436e-16,0.8000000000090043,5.399880149690034e-16
150,2.0251256281407035,0.12499999999999986,1.1746876988432904e-16,0.8000000000090037,2.0815271542138935e-16
151,2.0452261306532664,0.12499999999999986,3.365696937825456e-17,0.8000000000090034,7.625395659859173e-17
152,2.065326633165829,0.12499999999999986,2.8262713193639923e-18,0.8000000000090034,2.530077805441202e-17
153,2.0854271356783918,0.12499999999999986,-8.28965757680986e-18,0.8000000000090034,6.505309352166737e-18
154,2.1055276381909547,0.12499999999999986,-1.2215305679822374e-17,0.8000000000090033,-2.8525301208282115e-19
155,2.1256281407035176,0.12499999999999986,-1.357241018630628e-17,0.8000000000090033,-2.6863807815729205e-18
156,2.1457286432160805,0.12499999999999986,-1.4031489057751597e-17,0.8000000000090033,-3.5168318972981936e-18
157,2.165829145728643,0.12499999999999986,-1.418317855456201e-17,0.8000000000090033,-3.797476729142212e-18
158,2.185929648241206,0.12499999999999986,-1.4232152752883325e-17,0.8000000000090033,-3.890089415141526e-18
159,2.2060301507537687,0.12499999999999986,-1.4247607396668755e-17,0.8000000000090033,-3.919854146548591e-18
160,2.2261306532663316,0.12499999999999986,-1.4252347650613398e-17,0.8000000000090033,-3.929226049091402e-18
161,2.2462311557788945,0.12499999999999986,-1.4253814271375473e-17,0.8000000000090033,-3.932138334098238e-18
162,2.266331658291457,0.12499999999999986,-1.4254232691744235e-17,0.8000000000090033,-3.9329356797579514e-18
163,2.28643216080402,0.12499999999999986,-1.4254298548900228e-17,0.8000000000090033,-3.933195445664137e-18
164,2.306532663316583,0.12499999999999986,-1.4254318588739226e-17,0.8000000000090033,-3.933242631036124e-18
165,2.3266331658291457,0.12499999999999986,-1.4254324408207037e-17,0.8000000000090033,-3.933256453402134e-18
166,2.3467336683417086,0.12499999999999986,-1.4254326019933384e-17,0.8000000000090033,-3.9332603195766415e-18
167,2.366834170854271,0.12499999999999986,-1.4254326445333138e-17,0.8000000000090033,-3.933261351412384e-18
168,2.386934673366834,0.12499999999999986,-1.4254326552243056e-17,0.8000000000090033,-3.933261613957981e-18
169,2.407035175879397,0.12499999999999986,-1.4254326577798504e-17,0.8000000000090033,-3.933261677579078e-18
170,2.4271356783919598,0.12499999999999986,-1.4254326583600884e-17,0.8000000000090033,-3.9332616922415484e-18
171,2.4472361809045227,0.12499999999999986,-1.4254326584850113e-17,0.8000000000090033,-3.933261695449759e-18
172,2.467336683417085,0.12499999999999986,-1.4254326585104595e-17,0.8000000000090033,-3.933261696114722e-18
173,2.487437185929648,0.12499999999999986,-1.4254326585153507e-17,0.8000000000090033,-3.933261696244913e-18
174,2.507537688442211,0.12499999999999986,-1.4254326585162348e-17,0.8000000000090033,-3.9332616962689045e-18
175,2.527638190954774,0.12499999999999986,-1.4254326585163842e-17,0.8000000000090033,-3.9332616962730475e-18
176,2.5477386934673367,0.12499999999999986,-1.425432658516408e-17,0.8000000000090033,-3.933261696273714e-18
177,2.567839195979899,0.12499999999999986,-1.4254326585164114e-17,0.8000000000090033,-3.933261696273813e-18
178,2.587939698492462,0.12499999999999986,-1.425432658516412e-17,0.8000000000090033,-3.933261696273826e-18
179,2.608040201005025,0.12499999999999986,-1.425432658516412e-17,0.8000000000090033,-3.933261696273828e-18
180,2.628140703517588,0.12499999999999986,-1.425432658516412e-17,0.8000000000090033,-3.933261696273829e-18
181,2.648241206030151,0.12499999999999986,-1.425432658516412e-17,0.8000000000090033,-3.933261696273829e-18
182,2.6683417085427132,0.12499999999999986,-1.425432658516412e-17,0.8000000000090033,-3.933261696273829e-18
183,2.688442211055276,0.12499999999999986,-1.425432658516412e-17,0.8000000000090033,-3.933261696273829e-18
184,2.708542713567839,0.12499999999999986,-1.425432658516412e-17,0.8000000000090033,-3.933261696273829e-18
185,2.728643216080402,0.12499999999999986,-1.425432658516412e-17,0.8000000000090033,-3.933261696273829e-18
186,2.748743718592965,0.12499999999999986,-1.425432658516412e-17,0.8000000000090033,-3.933261696273829e-18
187,2.7688442211055273,0.12499999999999986,-1.425432658516412e-17,0.8000000000090033,-3.933261696273829e-18
188,2.78894472361809,0.12499999999999986,-1.425432658516412e-17,0.8000000000090033,-3.933261696273829e-18
189,2.809045226130653,0.12499999999999986,-1.425432658516412e-17,0.8000000000090033,-3.933261696273829e-18
190,2.829145728643216,0.12499999999999986,-1.425432658516412e-17,0.8000000000090033,-3.933261696273829e-18
191,2.849246231155779,0.12499999999999986,-1.425432658516412e-17,0.8000000000090033,-3.933261696273829e-18
192,2.8693467336683414,0.12499999999999986,-1.425432658516412e-17,0.8000000000090033,-3.933261696273829e-18
193,2.8894472361809043,0.12499999999999986,-1.425432658516412e-17,0.8000000000090033,-3.933261696273829e-18
194,2.909547738693467,0.12499999999999986,-1.425432658516412e-17,0.8000000000090033,-3.933261696273829e-18
195,2.92964824120603,0.12499999999999986,-1.425432658516412e-17,0.8000000000090033,-3.933261696273829e-18
196,2.949748743718593,0.12499999999999986,-1.425432658516412e-17,0.8000000000090033,-3.933261696273829e-18
197,2.969849246231156,0.12499999999999986,-1.425432658516412e-17,0.8000000000090033,-3.933261696273829e-18
198,2.9899497487437183,0.12499999999999986,-1.425432658516412e-17,0.8000000000090033,-3.933261696273829e-18
